1 394.18411126880665 292.5380548853772 -1.0
2 291.09531581771114 304.5988855933714 1.0
3 631.4940043624538 380.403083362844 -1.0
4 335.3221178020951 191.14844966246224 -1.0
5 629.497728123044 501.85640403332536 -1.0
6 474.27198648205706 426.8083569410289 -1.0
7 385.3887479189535 312.59478870789997 -1.0
8 96.38411456830823 335.9602701257626 1.0
9 571.5424379919992 482.29756967796266 -1.0
10 115.14898156170723 22.702247122075363 -1.0
11 347.76741419052814 567.1183740090752 1.0
12 95.99525965651665 215.16908001190393 1.0
13 208.5301518776344 310.1097710430824 1.0
14 47.53839239988878 592.2474765715311 1.0
15 463.7197952502029 350.27396599641713 -1.0
16 139.13752850854436 31.04959425686083 -1.0
17 231.90998264791398 192.36253140615366 -1.0
18 516.3583816678198 388.8084618194749 -1.0
19 497.86668975629874 512.6236879870863 1.0
20 315.4620863903363 484.6529555149024 1.0
21 538.2392510265607 253.92376659368423 -1.0
22 313.2744209412198 244.73220951919302 -1.0
23 151.52807056903 574.6416879613694 1.0
24 69.90977164168171 229.62310880477736 1.0
25 494.58545517468815 83.55916366201555 -1.0
26 572.6556989466666 117.02352377025846 -1.0
27 423.51465446851654 223.8561748817088 -1.0
28 21.250857939663774 352.48670696540967 1.0
29 65.84781999376744 293.05188969276924 1.0
30 468.0661855487932 201.36575613286013 -1.0
31 188.63785854478792 96.15822735332557 -1.0
32 445.7364448870427 47.50368097499745 -1.0
33 111.53962188774919 80.42991547357381 -1.0
34 552.0821655185882 535.1750028267741 -1.0
35 68.24781956243704 220.06392656489987 1.0
36 604.0417548071509 386.71183612338905 -1.0
37 61.41266591288549 571.4830058405594 1.0
38 82.89374367499775 114.19533789840429 1.0
39 574.9516330634482 119.71943905452434 -1.0
40 358.4771099672474 190.88278638368308 -1.0
41 624.6791276817513 118.52886333641536 -1.0
42 459.51515239200205 215.59386610920762 -1.0
43 517.4674275804432 44.90522416631585 -1.0
44 175.17964053357233 97.092585547963 -1.0
45 408.98511915988036 614.6804159640997 1.0
46 155.1768043371483 191.20518000118358 1.0
47 505.9205203933483 316.9273294999872 -1.0
48 633.2627259046232 343.8575616526239 -1.0
49 531.9313400734292 469.90019796540884 -1.0
50 416.7960335361991 272.3969589920835 -1.0
51 6.298389288133421 173.36698667643753 1.0
52 3.980226244056766 504.66642737813584 1.0
53 633.6666331149656 538.9090987900331 -1.0
54 223.8446745084707 281.04874134327395 1.0
55 175.99340578037612 528.2161304614357 1.0
56 230.43063278159303 38.35570633886199 -1.0
57 58.15518736389123 84.59079657880139 1.0
58 471.4210244723864 298.11345585859317 -1.0
59 82.9449470855625 504.22741938654895 1.0
60 111.18135601005889 213.59864470540538 1.0
61 505.6776281721966 135.08120822963554 -1.0
62 109.50836625423953 62.30326227655347 -1.0
63 38.024870544977176 623.6901608765731 1.0
64 327.62862164136504 129.61368256581324 -1.0
65 400.1870086399538 83.91233755444034 -1.0
66 492.14860963591315 151.8652037566212 -1.0
67 448.3249884770478 597.9162804942039 1.0
68 281.3567923464584 277.9629341566948 -1.0
69 38.60882149952175 166.66254239597592 1.0
70 408.81761002831695 466.1392433429585 1.0
71 157.67895930308333 251.66049616291127 1.0
72 70.47698901062702 92.89269051394058 1.0
73 543.656102873871 582.4241147976882 1.0
74 504.0464429464355 454.6296827382036 -1.0
75 20.42859157469678 366.21039527031826 1.0
76 62.638938975286464 397.88791135969154 1.0
77 470.72320075046724 112.19162369281534 -1.0
78 355.23477817553504 81.89395499762902 -1.0
79 456.55529999782755 454.47220081971034 -1.0
80 570.9123363827739 399.73236514834525 -1.0
81 496.15876515125683 558.2005487124161 1.0
82 100.61188483010021 571.4755326238421 1.0
83 432.3752239479513 400.00252560185993 -1.0
84 3.9976054576113285 444.3444592368155 1.0
85 572.4997460139191 355.598773230559 -1.0
86 600.6643031168294 464.5170772778438 -1.0
87 248.57966211206374 244.83248189057684 -1.0
88 340.7754709224602 315.82001724413857 -1.0
89 212.6724810581377 628.564676650397 1.0
90 602.0063130807744 77.86363334387516 -1.0
91 181.35690294253726 67.66023693648727 -1.0
92 78.657652981966 349.3465135308074 1.0
93 257.22675507347986 440.5936720368183 1.0
94 101.92037832690545 139.70225257234154 1.0
95 593.0492484151604 571.6202812893945 -1.0
96 312.585326935746 50.187061468789125 -1.0
97 304.0517651846576 379.0780704797919 1.0
98 324.0231648988929 2.8766964724668043 -1.0
99 613.4580152512978 24.947696041593872 -1.0
100 304.72039176230817 351.2497983830048 1.0
101 235.9181063810503 231.19919769022823 -1.0
102 317.0564277368953 546.3928320751925 1.0
103 212.83089952485903 52.38891633866636 -1.0
104 90.88835474277509 144.63244665737028 1.0
105 128.903356523346 86.8542417643809 -1.0
106 147.1991101319317 411.9529654666979 1.0
107 366.15515018291273 183.54869477020685 -1.0
108 143.38605429170357 507.1009910753415 1.0
109 401.91254658134056 554.4618107391416 1.0
110 430.5375656944455 150.2081083568367 -1.0
111 272.3111456059953 360.3906388007274 1.0
112 477.1381124708117 285.85702984395505 -1.0
113 91.36197540703805 127.96949603042066 1.0
114 497.2601478877324 33.73512546259548 -1.0
115 273.0118076536222 85.37736831644509 -1.0
116 481.8699749992939 136.5954637402963 -1.0
117 174.82516735841585 228.07476280193816 1.0
118 612.3366039639086 440.88458878243136 -1.0
119 467.05361715732727 547.2653668034793 1.0
120 19.71697483614264 250.70105920761975 1.0
121 563.7014433008675 214.68148537759134 -1.0
122 357.8466609697091 150.91366914172846 -1.0
123 563.0000479691504 485.94837234694586 -1.0
124 492.9296139757196 538.1060645814689 1.0
125 40.73136337605085 415.1284224894246 1.0
126 360.463821757335 512.6086522597873 1.0
127 386.96521427309904 284.9673071185725 -1.0
128 351.8997164631895 563.9768368200831 1.0
129 514.2561275833298 557.2659161580946 1.0
130 597.4877406676923 287.48730848365136 -1.0
131 14.979988920563727 156.5331735633162 1.0
132 484.5790344261979 213.83540706376252 -1.0
133 611.8523647555966 475.94483926644267 -1.0
134 101.78120447375584 352.1891253913125 1.0
135 596.8651181272699 59.018482033203625 -1.0
136 355.40737423864016 500.78021555115805 1.0
137 414.10832198720675 469.8101428170337 1.0
138 607.1426789629959 74.30122206105587 -1.0
139 279.7095973805566 295.6490958153435 1.0
140 98.50430762509617 51.617165474450246 -1.0
141 319.17587657449246 565.7671615895163 1.0
142 467.72521781959875 120.54820947080955 -1.0
143 337.37533237653645 240.75324935249327 -1.0
144 463.00952634307265 172.64141494831898 -1.0
145 224.1203255863332 622.0987708804336 1.0
146 563.700691561955 493.6196977825165 -1.0
147 562.5989708730993 18.403428185754933 -1.0
148 125.00005687171026 595.3629170967852 1.0
149 169.19905791147485 216.23139204635953 1.0
150 450.68492596737207 97.11361956057566 -1.0
151 246.08094811182426 102.15505021528976 -1.0
152 243.84485618347418 27.171614470162027 -1.0
153 146.01283437049295 27.87933380260732 -1.0
154 212.41470575659775 82.49521551934308 -1.0
155 637.5598249640625 55.819756795738655 -1.0
156 163.07847765601053 290.35345343056 1.0
157 248.26215054372568 175.93082175497022 -1.0
158 54.97965813038597 382.36278053165756 1.0
159 391.14426433385376 588.8599315283586 1.0
160 451.6931067919684 108.81806376332342 -1.0
161 11.116651202443606 416.39447145119794 1.0
162 48.92207504035618 30.829822399108764 -1.0
163 362.96474277738207 605.381555293241 1.0
164 618.6408547519305 578.7667750650878 -1.0
165 306.11072644424894 273.2931506989306 -1.0
166 602.8917712170243 16.89199278180169 -1.0
167 534.5542662698148 336.4163029536743 -1.0
168 373.99230754591895 144.9371152225946 -1.0
169 541.3168259749095 495.4186552069042 -1.0
170 516.2930045419832 265.27735672387786 -1.0
171 537.7245371790495 193.2461495424031 -1.0
172 598.7507032418692 185.05740872429664 -1.0
173 575.8998439765104 118.16445584129809 -1.0
174 162.86873250400612 159.79291295720003 -1.0
175 197.43354899601982 116.65027713207081 -1.0
176 266.36805288972573 223.34578230219853 -1.0
177 383.4164300371227 199.77998055424428 -1.0
178 393.8412011700567 607.6868389918468 1.0
179 450.14738230879294 172.90372912104948 -1.0
180 454.540691300331 604.6644892691446 1.0
181 597.4470499924487 96.93676869486403 -1.0
182 320.5719647656714 400.37930077940956 1.0
183 320.0811723087176 196.80995260861016 -1.0
184 253.60948821246006 344.3397006981568 1.0
185 599.2685277567649 627.9918486061022 1.0
186 306.7762689200181 552.0498265387768 1.0
187 352.291833099403 231.19223527544193 -1.0
188 368.0269371416857 316.878336844719 -1.0
189 271.6945279275524 172.4172998430477 -1.0
190 400.29781474347607 146.2985687540987 -1.0
191 571.0517554439277 166.39742164546868 -1.0
192 542.6551416195315 338.513549377402 -1.0
193 493.1647122594204 272.96609725046886 -1.0
194 369.96614601602795 509.23997905958606 1.0
195 153.35633587477915 97.99568164524366 -1.0
196 270.1113806488513 195.5946846475581 -1.0
197 322.8323037912912 12.86043680547813 -1.0
198 186.76022847628366 403.8254834270527 1.0
199 627.7641880276265 547.9792412799837 -1.0
200 620.3244316520465 627.0573792491434 1.0
201 434.7916897942472 306.7766837014981 -1.0
202 493.59360728830694 638.2921362220663 1.0
203 618.9171753652805 577.7691775178901 -1.0
204 359.6232245344708 499.7636063664442 1.0
205 573.3796903333398 347.98651083851036 -1.0
206 318.41370862906984 417.04926461566095 1.0
207 209.26966262484754 171.3648746124798 -1.0
208 205.18280162925555 119.39295230976228 -1.0
209 321.47251333306417 520.2014342533878 1.0
210 561.0679042956083 32.41333645567508 -1.0
211 162.44918217109694 545.5774207441821 1.0
212 305.2800665951332 484.11185637900155 1.0
213 88.56580085056862 18.96355155761057 -1.0
214 35.38719641060702 572.8738043433973 1.0
215 483.09336635889633 7.656050003342969 -1.0
216 297.2280670804704 569.1099109364203 1.0
217 555.8852174419411 168.03755920013964 -1.0
218 223.86855616547018 486.3074136400499 1.0
219 586.5067464357502 628.1717289507332 1.0
220 461.5112083977848 420.59977801818843 -1.0
221 578.9061389268516 360.1162364081403 -1.0
222 141.879016541767 517.7543240413747 1.0
223 353.23406392116067 276.8397622025264 -1.0
224 324.24971045093605 121.84180314523395 -1.0
225 499.18315921879173 433.6283991927775 -1.0
226 367.405473900682 519.3168130688201 1.0
227 119.01696502114397 249.35239587580207 1.0
228 144.01013617031134 383.1974834778518 1.0
229 593.7877820666325 11.356538279250259 -1.0
230 34.25819854525692 186.972422366984 1.0
231 104.59910818794576 346.8139730792509 1.0
232 201.63273444418522 90.88550556390317 -1.0
233 285.1599007594648 450.49994690457316 1.0
234 223.229852749318 354.71056948190255 1.0
235 433.049812424046 440.06856765836653 1.0
236 511.12169180665796 186.5339852289044 -1.0
237 540.2218735628367 56.18492464133652 -1.0
238 390.4301893995157 94.37073716188628 -1.0
239 455.2928535435169 105.67053091994566 -1.0
240 146.59801517828123 265.45587586088857 1.0
241 589.8296872920314 384.42670111668417 -1.0
242 383.82642731799393 353.7020368910012 -1.0
243 598.1662271855524 291.1941449573521 -1.0
244 518.5404749462344 307.27630000139783 -1.0
245 523.5047626018553 111.24292900059174 -1.0
246 589.447814478811 117.98232238558917 -1.0
247 159.73861286904054 281.7566019223998 1.0
248 304.31918886854464 211.98785143584155 -1.0
249 540.2662033336146 540.7392549174987 1.0
250 440.49339874122205 639.7063837364873 1.0
251 350.49283210620126 287.9795563841828 -1.0
252 568.3135853494141 39.21238980356172 -1.0
253 191.23405798741834 374.19417250742987 1.0
254 259.3891397207839 8.41385124142235 -1.0
255 136.6964765992357 585.3760704894006 1.0
256 306.45243255105305 66.42449139302805 -1.0
257 187.83976176882732 357.06755383439196 1.0
258 356.7947349509161 349.8388930225044 -1.0
259 98.09604741355656 69.69874271428623 -1.0
260 250.61677897986172 81.27562053135243 -1.0
261 76.00343787113253 562.1644450688741 1.0
262 497.2204017474656 305.37169644980787 -1.0
263 447.105772970628 407.83776184892054 -1.0
264 89.48051635768039 116.12158409032958 1.0
265 253.4810584071738 346.1660552848666 1.0
266 635.4544219288671 583.0789528910088 -1.0
267 61.109284310009784 537.0303965925018 1.0
268 576.6041058653268 1.6048657860741145 -1.0
269 102.95863406045676 189.06504750630893 1.0
270 534.1668063530674 577.8678650270766 1.0
271 475.39904405164833 108.16343903340744 -1.0
272 45.76958552373135 237.68348947601345 1.0
273 508.66871664263164 370.7911414479538 -1.0
274 177.73540916522273 548.7111195839514 1.0
275 67.47770023871425 322.99371444572245 1.0
276 514.072359016431 13.052395464433317 -1.0
277 442.58525930545875 142.05546614861447 -1.0
278 423.2328614565486 152.0878348365718 -1.0
279 27.327485085546215 400.42403610806423 1.0
280 564.5431541136159 381.11048833426054 -1.0
281 246.5534412146772 611.6561568355175 1.0
282 388.5509857255431 365.2913939646685 -1.0
283 486.36499536729525 410.75138134218344 -1.0
284 213.9899924903294 402.04928711650126 1.0
285 285.2230056408996 76.57410230958938 -1.0
286 141.85745172608728 480.9830151987393 1.0
287 95.06225418891013 160.6914429265926 1.0
288 536.2027413150777 568.0402977620874 1.0
289 215.48509375146102 577.973365286514 1.0
290 209.06900676734608 470.1636048245173 1.0
291 548.3501190044269 199.02705791663067 -1.0
292 410.33042216068594 53.88420425532104 -1.0
293 99.27263597485052 412.8066626300634 1.0
294 320.2254656674111 623.2665489872455 1.0
295 217.85168558865323 196.72330040443526 -1.0
296 197.60166581592856 132.11832298328778 -1.0
297 448.0349338189965 327.92908604994244 -1.0
298 315.65797527129143 355.9986066258463 1.0
299 73.22579806184685 39.13965059401782 -1.0
300 274.3554748491656 257.65713239017083 -1.0
301 635.2861450738783 306.07116580713745 -1.0
302 563.2148351638621 367.4035137484668 -1.0
303 471.5459900474101 612.1686059490149 1.0
304 5.581791488027719 297.08122205010744 1.0
305 409.01997624662357 131.78234534003911 -1.0
306 41.85018244726152 48.1179309406258 1.0
307 418.4593254275378 30.487959741397574 -1.0
308 356.5550009121537 333.97230301149483 -1.0
309 614.9476837780766 84.08837194113119 -1.0
310 254.62048890663098 131.9382640667842 -1.0
311 464.16770150312163 590.230540496939 1.0
312 360.99973541752377 635.8650346431347 1.0
313 331.13980859408883 292.28521694969834 -1.0
314 545.0253765452696 399.3433132585716 -1.0
315 202.58542524961564 193.62990964347313 -1.0
316 574.7161114910164 232.34396602182628 -1.0
317 25.636992507139098 317.9526849526815 1.0
318 157.59206715547828 582.5525371533554 1.0
319 314.5079057953786 46.83832111008151 -1.0
320 411.49213133120895 633.4270069171492 1.0
321 415.00404434683895 530.716018056945 1.0
322 141.7032155687373 182.87267612480548 1.0
323 260.58067394878145 432.88760350491947 1.0
324 328.4699468668049 417.70990332955444 1.0
325 181.6610094457866 554.0204251016878 1.0
326 264.1011935592858 343.1465884932835 1.0
327 611.4598505698618 261.1850688577209 -1.0
328 156.40836540084607 309.70030501284606 1.0
329 131.69058481255695 233.1216141923035 1.0
330 494.74506311827054 520.1281287347105 1.0
331 198.7522053107145 51.96470291203781 -1.0
332 111.24549974806058 443.5831227439006 1.0
333 309.0531545131977 207.37834301214912 -1.0
334 568.1160182788536 240.91605748941782 -1.0
335 216.50665319033294 214.94873960967695 -1.0
336 425.84042255333264 120.54440506321178 -1.0
337 172.98093740700602 241.57929113185935 1.0
338 52.83246683085352 496.1904503368825 1.0
339 39.95207215377256 547.6300876665719 1.0
340 266.23883215556447 283.46070631469354 1.0
341 423.3752723382108 271.28272172400114 -1.0
342 341.6748454011781 129.64207097733123 -1.0
343 293.37515988265784 506.96671276417675 1.0
344 259.5327956289035 438.2271249289587 1.0
345 478.5383966403042 400.40129200381807 -1.0
346 154.17516503820323 246.732586864214 1.0
347 515.0906437832357 169.443824011961 -1.0
348 67.83822086768353 102.36927120598203 1.0
349 411.8157324466287 86.80165168661397 -1.0
350 364.28245994900567 29.432107743145863 -1.0
351 272.0361696274729 203.08081337741925 -1.0
352 132.08070712100044 252.26571473474564 1.0
353 629.5558301552863 274.9169309271043 -1.0
354 455.89484107514215 202.11957269358345 -1.0
355 494.8926571350968 499.57378040483684 1.0
356 159.48408286527211 69.97096973873731 -1.0
357 311.73422686727804 449.2020725480546 1.0
358 97.71115086486425 125.97963526624945 1.0
359 586.6688592201132 344.57759787351137 -1.0
360 573.2358217091698 252.80542099806405 -1.0
361 242.29274037217962 459.0241145062612 1.0
362 344.1126734034285 28.101686116996802 -1.0
363 251.2465758952422 622.946748388835 1.0
364 466.0069964389083 477.61857419694996 1.0
365 244.53231148883071 432.64816890565277 1.0
366 637.4109177902825 388.05958758471996 -1.0
367 287.27129989063263 369.13185538301025 1.0
368 468.88454291492826 128.28116619891767 -1.0
369 530.1273271275473 297.47349854348147 -1.0
370 232.59265864681566 287.28485591820527 1.0
371 586.7945538524328 304.7050206100738 -1.0
372 108.44495705002366 104.40212595490969 -1.0
373 405.12572224694327 441.56378559122584 1.0
374 335.41846499268956 72.01878758515768 -1.0
375 214.77955877816868 135.66380998393356 -1.0
376 21.79282043284367 473.9890378249522 1.0
377 116.3243878425699 266.19497346459355 1.0
378 487.35123929292615 99.01767903954024 -1.0
379 438.25552279794306 182.43699508881917 -1.0
380 341.89071634771636 125.05039162601015 -1.0
381 583.7327454718652 390.40407358639806 -1.0
382 428.2160301342818 274.3305499350988 -1.0
383 469.63505869393686 209.16433442657018 -1.0
384 309.7812386091339 437.5887300286173 1.0
385 383.6629980975488 485.06470863965666 1.0
386 339.3065256983267 609.1655757619819 1.0
387 307.91592414119623 492.43339755725657 1.0
388 86.29702977776319 455.61136891920313 1.0
389 337.60306687133146 472.57897333231716 1.0
390 46.31247837051035 18.311086171160298 -1.0
391 591.005658498329 186.55910573634407 -1.0
392 213.47608547580492 328.6973597274814 1.0
393 455.7259474631082 575.6423282241194 1.0
394 623.4977463400095 536.9699559931607 -1.0
395 335.24771613768337 404.31182661519404 1.0
396 447.29670954308125 265.14693716728686 -1.0
397 221.7313059857021 146.54359284126144 -1.0
398 230.51857442168895 32.493987201441925 -1.0
399 419.4767864350851 14.457720069406221 -1.0
400 540.6596396582174 638.0964213893501 1.0
401 569.0323613217585 514.3180503948607 -1.0
402 328.9750227095286 388.24163429963 1.0
403 462.2449860824727 542.7601864130439 1.0
404 116.51993427495562 504.7250635175555 1.0
405 470.981496282192 481.2275420003218 1.0
406 172.12712532465986 50.95724601666909 -1.0
407 235.91924193265072 46.93362477202989 -1.0
408 137.39276443221797 634.8228166288229 1.0
409 378.8958518552976 401.1254593384642 1.0
410 183.88501469545724 524.0966865146004 1.0
411 631.5314170916394 486.6096474484731 -1.0
412 599.1570649364063 475.4340816231937 -1.0
413 59.55156901233359 13.039352565206741 -1.0
414 390.081432585551 197.3439839515026 -1.0
415 159.3858138156225 563.0689620829164 1.0
416 450.1156225913539 245.86436774264394 -1.0
417 36.72710081483842 19.402551486347335 -1.0
418 400.955295004776 406.5082116272037 1.0
419 632.016350975397 293.4800621182421 -1.0
420 219.21944469191067 408.3041672017862 1.0
421 319.65695486092494 427.86358319741197 1.0
422 503.3408531477779 6.615453832311076 -1.0
423 2.945790024075521 138.54332683562788 1.0
424 205.47684982439085 305.6103426702429 1.0
425 503.13825018353816 228.0096918461554 -1.0
426 259.77712237511787 546.1494338680934 1.0
427 75.65420495656795 222.58456327076502 1.0
428 174.94759441179093 401.5756850656663 1.0
429 202.63452989939296 624.1057021441701 1.0
430 336.48212180973877 366.9444517569096 1.0
431 554.7909716680354 190.13901998205355 -1.0
432 78.0346212178916 239.6494793166181 1.0
433 619.6636428660399 382.8298669098485 -1.0
434 343.88714545388433 391.975071947411 1.0
435 429.02416515096536 432.9003657396229 1.0
436 465.15151364923275 598.6838412769976 1.0
437 51.30632625232337 533.7501848287562 1.0
438 412.0335128218403 377.17527830036516 -1.0
439 472.5834344868132 203.62181937757816 -1.0
440 257.6494936420012 218.04814947408852 -1.0
441 496.4036685737114 66.88095550652235 -1.0
442 124.1476395932537 388.3332119821784 1.0
443 462.83175980355657 504.5388261404327 1.0
444 553.0364476175706 46.907034032740285 -1.0
445 67.95500501981302 239.43372811989462 1.0
446 192.36332056641956 352.85678658274975 1.0
447 554.5040497064892 314.78324639058457 -1.0
448 499.27073190738525 494.4802661716242 -1.0
449 276.7665710831137 269.7361908067947 -1.0
450 445.81131097861225 373.79192688232223 -1.0
451 374.33223626426434 449.0269022059987 1.0
452 224.51334481751155 448.0844081956992 1.0
453 479.6352654931094 297.39335143336757 -1.0
454 607.1515572379575 180.56224365912988 -1.0
455 625.5736787193654 288.4878612915725 -1.0
456 97.79562077414326 400.51764052331754 1.0
457 319.67191725485293 124.11193053000169 -1.0
458 429.43713370338855 329.732527863242 -1.0
459 121.89961343586738 458.5829628855845 1.0
460 300.25797006500767 119.79769444208955 -1.0
461 0.9704431801475977 62.106481733042145 1.0
462 296.770400134414 584.9055492658033 1.0
463 351.7570142519879 0.07885445696999227 -1.0
464 407.07668392675913 253.3021206322988 -1.0
465 515.1068893634791 505.15264397273285 -1.0
466 517.1903366472226 5.492308197720064 -1.0
467 174.47868776138426 387.9147192269923 1.0
468 146.8098979218396 125.00905415364329 -1.0
469 502.9279708531674 209.2955434281581 -1.0
470 236.7541730957194 227.65694074321402 -1.0
471 218.0407923152993 525.0658781801153 1.0
472 25.649080467361713 374.03982785643854 1.0
473 593.7892798626242 394.3058820024217 -1.0
474 415.31114205317743 622.7203053927481 1.0
475 74.31296597188556 555.8330321536764 1.0
476 344.72936880815325 417.95567813855496 1.0
477 478.0338364533852 221.1667472909015 -1.0
478 243.6151986364399 613.615197605215 1.0
479 414.6601015828335 519.0162063594503 1.0
480 222.23218205509326 74.90193474818184 -1.0
481 496.0222345051982 532.9959970105316 1.0
482 278.839942182916 133.2281448683076 -1.0
483 465.99060094248375 27.808841885481357 -1.0
484 44.760998230975204 455.5406476697129 1.0
485 327.2014298638266 122.70649782276529 -1.0
486 543.0699289561584 375.386726409326 -1.0
487 297.4410799661942 285.619335088428 -1.0
488 365.229077592655 131.9587187713787 -1.0
489 228.61258350865342 7.261380103673716 -1.0
490 20.698489361550187 611.0443628425386 1.0
491 20.861921791948035 78.71861068137036 1.0
492 623.0529932281469 316.2403397225055 -1.0
493 360.5978074865388 224.83481348122245 -1.0
494 480.58593087978954 39.25863041443911 -1.0
495 527.6852131809403 120.01060136566934 -1.0
496 363.21643421586265 96.43394832283178 -1.0
497 573.9189759463834 583.4286061664038 1.0
498 453.70554558469024 101.14096026573151 -1.0
499 607.2383912668603 22.23298793792509 -1.0
500 303.1395198366789 410.43484849086235 1.0
